1 210
2 181
3 148
4 115
5 81
6 51
7 18
8 2
9 2
10 2
11 2
12 2
13 1
14 1
15 1
16 1
17 2
18 2
19 1
20 1
21 1
22 3
23 1
24 1
25 1
26 2
27 2
28 3
29 2
30 2
31 2
32 1
33 2
34 2
35 1
36 1
37 2
38 1
39 1
40 1
41 2
42 2
43 2
44 2
45 2
46 1
47 1
48 1
49 1
50 1
51 1
52 1
53 1
54 1
55 1
56 1
57 2
58 2
59 1
60 2
61 1
62 1
63 1
64 2
65 1
66 2
67 2
68 2
69 2
70 2
71 2
72 2
73 1
74 1
75 2
76 2
77 2
78 2
79 2
80 1
81 1
82 1
83 2
84 1
85 2
86 2
87 1
88 2
89 2
90 2
91 2
92 2
93 1
94 1
95 1
96 2
97 1
98 1
99 1
100 1
101 1
102 1
103 1
104 1
105 2
106 2
107 1
108 1
109 2
110 1
111 2
112 1
113 1
114 1
115 1
116 1
117 1
118 1
119 1
120 1
121 1
122 1
123 1
124 2
125 2
126 1
127 2
128 1
129 1
130 1
131 1
132 1
133 1
134 2
135 2
136 2
137 2
138 1
139 1
140 1
141 1
142 1
143 1
144 1
145 1
146 2
147 1
148 1
149 2
150 1
151 2
152 2
153 2
154 1
155 1
156 1
157 1
158 1
159 2
160 3
161 1
162 1
163 1
164 2
165 1
166 1
167 2
168 2
169 2
170 2
171 1
172 1
173 1
174 1
175 2
176 2
177 2
178 2
179 2
180 2
181 1
182 3
183 2
184 1
185 2
186 3
187 2
188 2
189 1
190 1
191 1
192 2
193 2
194 1
195 1
196 2
197 1
198 2
199 1
200 1
201 1
202 1
203 1
204 1
205 1
206 1
207 3
208 2
209 3
210 3
211 3
212 1
213 2
214 2
215 2
216 2
217 1
218 1
219 1
220 1
221 1
222 1
223 1
224 1
225 1
226 1
227 1
228 1
229 1
230 1
231 2
232 2
233 1
234 2
235 2
236 2
237 2
238 1
239 1
240 1
241 2
242 2
243 2
244 1
245 2
246 2
247 2
248 2
249 2
250 2
251 2
252 2
253 3
254 2
255 2
256 2
257 2
258 2
259 1
260 1
261 2
262 2
263 2
264 2
265 2
266 2
267 2
268 2
269 2
270 2
271 1
272 1
273 1
274 1
275 1
276 1
277 2
278 1
279 1
280 3
281 2
282 1
283 2
284 2
285 2
286 1
287 2
288 2
289 3
290 1
291 2
292 2
293 2
294 1
295 1
296 1
297 1
298 2
299 2
300 2
301 2
302 2
303 2
304 2
305 2
306 2
307 2
308 2
309 2
310 1
311 2
312 1
313 2
314 2
315 2
316 2
317 2
318 2
319 2
320 2
321 2
322 2
323 2
324 2
325 2
326 2
327 2
328 2
329 2
330 2
331 2
332 2
333 2
334 2
335 2
336 2
337 2
338 2
339 2
340 2
341 2
342 2
343 2
344 2
345 2
346 2
347 2
348 2
349 2
350 2
351 2
352 2
353 2
354 2
355 2
356 2
357 2
358 2
359 2
360 2
361 2
362 2
363 1
364 1
365 2
366 2
367 2
368 2
369 2
370 2
371 2
372 2
373 2
374 2
375 2
376 2
377 2
378 2
379 2
380 2
381 2
382 2
383 2
384 2
385 2
386 2
387 2
388 2
389 2
390 2
391 2
392 2
393 2
394 2
395 2
396 2
397 2
398 2
399 2
400 2
401 2
402 2
403 2
404 2
405 3
406 2
407 2
408 2
409 2
410 2
411 2
412 2
413 3
414 2
415 2
416 2
417 2
418 2
419 2
420 2
421 2
422 2
423 2
424 2
425 2
426 2
427 2
428 2
429 2
430 2
431 2
432 2
433 2
434 2
435 2
436 2
437 2
438 2
439 3
440 2
441 2
442 2
443 2
444 2
445 2
446 2
447 2
448 2
449 2
450 2
451 2
452 2
453 2
454 2
455 2
456 2
457 2
458 2
459 2
460 2
461 2
462 2
463 2
464 2
465 2
466 2
467 2
468 2
469 2
470 2
471 2
472 2
473 2
474 2
475 2
476 2
477 2
478 2
479 2
480 2
481 2
482 2
483 2
484 2
485 2
486 3
487 3
488 3
489 3
490 3
491 2
492 2
493 2
494 2
495 2
496 2
497 2
498 2
499 2
500 2
501 2
502 2
503 2
504 2
505 2
506 2
507 2
508 2
509 2
510 2
511 2
512 2
513 2
514 2
515 2
516 2
517 2
518 2
519 2
520 2
521 2
522 2
523 2
524 3
525 3
526 3
527 3
528 3
529 3
530 2
531 2
532 2
533 2
534 2
535 2
536 2
537 2
538 2
539 3
540 2
541 2
542 2
543 2
544 2
545 2
546 2
547 2
548 2
549 2
550 2
551 2
552 2
553 2
554 2
555 2
556 2
557 2
558 2
559 2
560 2
561 2
562 2
563 2
564 2
565 2
566 2
567 2
568 2
569 2
570 2
571 2
572 2
573 2
574 2
575 2
576 2
577 2
578 2
579 2
580 2
581 2
582 2
583 2
584 2
585 2
586 2
587 2
588 2
589 2
590 2
591 2
592 2
593 2
594 2
595 2
596 2
597 2
598 3
599 2
600 2
601 1
602 1
603 1
604 1
605 1
606 1
607 1
608 1
609 2
610 2
611 2
612 1
613 1
614 1
615 1
616 2
617 1
618 1
619 2
620 1
621 1
622 1
623 1
624 1
625 1
626 2
627 1
628 1
629 2
630 1
631 1
632 2
633 1
634 2
635 1
636 1
637 2
638 1
639 1
640 1
641 2
642 1
643 1
644 1
645 1
646 1
647 1
648 1
649 2
650 1
651 1
652 2
653 1
654 1
655 2
656 2
657 2
658 1
659 1
660 2
661 1
662 1
663 1
664 2
665 2
666 1
667 2
668 1
669 1
670 2
671 1
672 1
673 1
674 2
675 2
676 2
677 1
678 1
679 1
680 1
681 2
682 1
683 1
684 1
685 1
686 1
687 1
688 1
689 1
690 2
691 2
692 2
693 1
694 2
695 2
696 1
697 1
698 3
699 1
700 2
701 2
702 2
703 1
704 2
705 1
706 2
707 1
708 2
709 2
710 2
711 2
712 1
713 1
714 1
715 1
716 1
717 1
718 1
719 1
720 2
721 1
722 1
723 1
724 1
725 1
726 1
727 1
728 2
729 1
730 1
731 1
732 2
733 1
734 1
735 1
736 2
737 1
738 1
739 1
740 1
741 1
742 1
743 1
744 1
745 1
746 1
747 1
748 1
749 1
750 1
751 1
752 2
753 2
754 2
755 2
756 2
757 1
758 1
759 2
760 1
761 1
762 1
763 1
764 1
765 1
766 1
767 2
768 1
769 1
770 2
771 1
772 1
773 1
774 1
775 2
776 1
777 1
778 1
779 1
780 1
781 2
782 1
783 1
784 1
785 2
786 1
787 1
788 1
789 3
790 3
791 2
792 1
793 1
794 1
795 2
796 1
797 2
798 2
799 1
800 2
801 1
802 3
803 2
804 2
805 2
806 2
807 1
808 1
809 1
810 1
811 1
812 1
813 1
814 1
815 1
816 1
817 2
818 1
819 1
820 1
821 1
822 1
823 2
824 1
825 1
826 1
827 1
828 1
829 2
830 1
831 1
832 1
833 1
834 1
835 1
836 1
837 2
838 1
839 1
840 1
841 1
842 1
843 2
844 1
845 1
846 2
847 1
848 1
849 1
850 1
851 1
852 1
853 1
854 1
855 1
856 8
857 2
858 1
859 2
860 1
861 1
862 1
863 1
864 5
865 11
866 1
867 1
868 1
869 2
870 2
871 2
872 3
873 1
874 2
875 3
876 2
877 2
878 1
879 2
880 1
881 1
882 1
883 1
884 1
885 2
886 1
887 1
888 2
889 1
890 1
891 1
892 1
893 1
894 2
895 1
896 1
897 2
898 1
899 1
900 1
901 1
902 1
903 1
904 1
905 1
906 2
907 2
908 1
909 1
910 1
911 2
912 2
913 1
914 2
915 1
916 1
917 1
918 2
919 1
920 2
921 1
922 1
923 1
924 1
925 1
926 1
927 1
928 2
929 1
930 1
931 1
932 1
933 1
934 1
935 1
936 1
937 1
938 1
939 1
940 1
941 1
942 2
943 2
944 1
945 2
946 1
947 1
948 2
949 1
950 1
951 2
952 1
953 1
954 1
955 1
956 2
957 1
958 2
959 2
960 2
961 1
962 2
963 2
964 2
965 2
966 2
967 1
968 1
969 1
970 1
971 1
972 1
973 1
974 1
975 1
976 1
977 1
978 2
979 1
980 1
981 2
982 1
983 1
984 2
985 1
986 1
987 1
988 1
989 1
990 1
991 1
992 1
993 1
994 1
995 1
996 1
997 1
998 2
999 1
1000 1
1001 1
1002 2
1003 2
1004 2
1005 2
1006 2
1007 2
1008 2
1009 2
1010 2
1011 2
1012 2
1013 2
1014 2
1015 2
1016 2
1017 2
1018 2
1019 2
1020 2
1021 2
1022 2
1023 2
1024 2
1025 2
1026 2
1027 2
1028 2
1029 2
1030 2
1031 2
1032 2
1033 2
1034 2
1035 2
1036 2
1037 2
1038 2
1039 2
1040 2
1041 2
1042 2
1043 2
1044 2
1045 2
1046 2
1047 2
1048 2
1049 2
1050 2
1051 2
1052 2
1053 2
1054 2
1055 2
1056 2
1057 2
1058 2
1059 2
1060 2
1061 2
1062 2
1063 2
1064 2
1065 2
1066 2
1067 2
1068 2
1069 2
1070 2
1071 2
1072 2
1073 2
1074 2
1075 2
1076 2
1077 2
1078 2
1079 2
1080 2
1081 2
1082 2
1083 2
1084 2
1085 2
1086 2
1087 2
1088 2
1089 2
1090 2
1091 2
1092 2
1093 2
1094 2
1095 2
1096 2
1097 2
1098 2
1099 2
1100 2
1101 2
1102 2
1103 2
1104 2
1105 2
1106 2
1107 2
1108 2
1109 2
1110 2
1111 2
1112 2
1113 2
1114 2
1115 2
1116 2
1117 2
1118 2
1119 2
1120 2
1121 2
1122 2
1123 2
1124 2
1125 2
1126 2
1127 2
1128 2
1129 2
1130 2
1131 2
1132 2
1133 2
1134 2
1135 2
1136 2
1137 2
1138 2
1139 2
1140 2
1141 2
1142 2
1143 2
1144 2
1145 2
1146 2
1147 2
1148 2
1149 2
1150 2
1151 2
1152 2
1153 2
1154 2
1155 2
1156 2
1157 2
1158 2
1159 2
1160 2
1161 2
1162 2
1163 2
1164 2
1165 2
1166 2
1167 2
1168 2
1169 2
1170 2
1171 2
1172 2
1173 2
1174 2
1175 2
1176 2
1177 2
1178 2
1179 2
1180 2
1181 2
1182 2
1183 2
1184 2
1185 2
1186 2
1187 2
1188 2
1189 3
1190 2
1191 2
1192 2
1193 2
1194 2
1195 2
1196 2
1197 2
1198 2
1199 2
1200 2
1201 2
1202 2
1203 2
1204 2
1205 2
1206 2
1207 2
1208 2
1209 2
1210 2
1211 2
1212 2
1213 2
1214 2
1215 2
1216 2
1217 2
1218 2
1219 2
1220 2
1221 2
1222 2
1223 2
1224 2
1225 2
1226 2
1227 2
1228 2
1229 2
1230 2
1231 2
1232 2
1233 2
1234 2
1235 2
1236 2
1237 2
1238 2
1239 2
1240 2
1241 2
1242 2
1243 2
1244 2
1245 2
1246 2
1247 2
1248 2
1249 2
1250 2
1251 2
1252 2
1253 2
1254 2
1255 2
1256 2
1257 2
1258 2
1259 2
1260 2
1261 2
1262 2
1263 2
1264 3
1265 2
1266 2
1267 2
1268 2
1269 2
1270 2
1271 2
1272 2
1273 2
1274 2
1275 2
1276 2
1277 2
1278 2
1279 2
1280 3
1281 2
1282 2
1283 2
1284 2
1285 2
1286 2
1287 2
1288 2
1289 2
1290 2
1291 2
1292 2
1293 2
1294 2
1295 3
1296 3
1297 2
1298 3
1299 3
1300 3
1301 3
1302 3
1303 2
1304 3
1305 2
1306 2
1307 2
1308 2
1309 2
1310 2
1311 2
1312 2
1313 2
1314 2
1315 2
1316 2
1317 2
1318 2
1319 2
1320 2
1321 2
1322 2
1323 2
1324 2
1325 2
1326 2
1327